{
  "advancedEditorSelectedIdentifier" : "ProjectBrowser",
  "openSceneRelativePaths" : [
    "Immersive.usda"
  ],
  "recentIdentifiers" : {

  },
  "sceneCameraHistory" : {
    "AF09ED6F-1707-48FD-8720-65B998362C09" : [
      {
        "date" : 709230996.59046996,
        "title" : "Untitled",
        "transform" : [
          0.8514828085899353,
          -5.2281023954492412e-09,
          0.52438241243362427,
          0,
          0.22736206650733948,
          0.901114821434021,
          -0.3691864013671875,
          0,
          -0.4725288450717926,
          0.43358075618743896,
          0.76728373765945435,
          0,
          -1.0843356847763062,
          2.0218806266784668,
          -0.074130058288574219,
          1
        ]
      },
      {
        "date" : 709230988.40100205,
        "title" : "Untitled",
        "transform" : [
          -0.99915450811386108,
          -6.8146781551092772e-09,
          0.041111309081315994,
          0,
          0.02213299460709095,
          0.84271001815795898,
          0.53791260719299316,
          0,
          -0.034644860774278641,
          0.53836792707443237,
          -0.84199750423431396,
          0,
          0.18647059798240662,
          2.2343900203704834,
          -3.2378120422363281,
          1
        ]
      },
      {
        "date" : 709230982.35281801,
        "title" : "Untitled",
        "transform" : [
          -0.4336642324924469,
          -7.1343060348283416e-09,
          0.90107452869415283,
          0,
          0.58823412656784058,
          0.75751817226409912,
          0.2831021249294281,
          0,
          -0.68258023262023926,
          0.65281420946121216,
          -0.32850852608680725,
          0,
          -1.396337628364563,
          2.4722552299499512,
          -2.529681921005249,
          1
        ]
      },
      {
        "date" : 709230942.03270698,
        "title" : "Untitled",
        "transform" : [
          0.99497610330581665,
          -8.0022095616527622e-09,
          -0.10011326521635056,
          0,
          -0.064258292317390442,
          0.76682525873184204,
          -0.63863140344619751,
          0,
          0.076769404113292694,
          0.64185607433319092,
          0.76297259330749512,
          0,
          -0.17211022973060608,
          2.4484760761260986,
          0.13568413257598877,
          1
        ]
      },
      {
        "date" : 709230930.23819304,
        "title" : "Untitled",
        "transform" : [
          0.17863447964191437,
          -6.4234071395219416e-09,
          0.98391556739807129,
          0,
          0.33505403995513916,
          0.94023323059082031,
          -0.06083061546087265,
          0,
          -0.92510992288589478,
          0.34053134918212891,
          0.16795808076858521,
          0,
          -1.8871804475784302,
          1.8338724374771118,
          -1.514082670211792,
          1
        ]
      },
      {
        "date" : 709230878.93205094,
        "title" : "Untitled",
        "transform" : [
          0.92413419485092163,
          -5.1800910227939312e-09,
          0.38206818699836731,
          0,
          0.16735890507698059,
          0.89895838499069214,
          -0.40480229258537292,
          0,
          -0.34346330165863037,
          0.43803411722183228,
          0.83075809478759766,
          0,
          -0.73556214570999146,
          2.0350203514099121,
          -0.10772204399108887,
          1
        ]
      },
      {
        "date" : 709230875.89029002,
        "title" : "Untitled",
        "transform" : [
          0.93885129690170288,
          -4.2612589012946955e-09,
          0.34432253241539001,
          0,
          0.084590263664722443,
          0.96935319900512695,
          -0.23064905405044556,
          0,
          -0.33377009630203247,
          0.24567155539989471,
          0.91007852554321289,
          0,
          -0.78035426139831543,
          1.5535318851470947,
          0.26792430877685547,
          1
        ]
      },
      {
        "date" : 709230868.70598197,
        "title" : "Untitled",
        "transform" : [
          0.93517613410949707,
          -9.7393710873916461e-09,
          0.35418292880058289,
          0,
          0.003089473582804203,
          0.9999619722366333,
          -0.0081573231145739555,
          0,
          -0.35416945815086365,
          0.0087228193879127502,
          0.93514055013656616,
          0,
          -0.70590126514434814,
          2.0088891983032227,
          0.23012793064117432,
          1
        ]
      },
      {
        "date" : 709230861.61742103,
        "title" : "Untitled",
        "transform" : [
          1,
          0,
          0,
          0,
          0,
          0.70710688829421997,
          -0.70710670948028564,
          0,
          0,
          0.70710670948028564,
          0.70710688829421997,
          0,
          -0.014948315918445587,
          3.2963879108428955,
          -0.39803454279899597,
          1
        ]
      },
      {
        "date" : 709230859.50287604,
        "title" : "Untitled",
        "transform" : [
          1,
          0,
          0,
          0,
          0,
          0.70710688829421997,
          -0.70710670948028564,
          0,
          0,
          0.70710670948028564,
          0.70710688829421997,
          0,
          -0.036926507949829102,
          4.1933631896972656,
          0.36910665035247803,
          1
        ]
      }
    ]
  },
  "selectedSceneRelativePath" : "Immersive.usda"
}